1.00000
1.00000
1.00000
0.99664
1.00000
0.98816
0.98644
0.99664
1.00000
1.00000
1.00000
1.00000
1.00000
0.99327
1.00000
1.00000
0.98644
0.00000
1.00000
1.00000
1.00000
1.00000
0.99327
1.00000
0.00000
0.99832
0.91863
0.00000
0.00000
0.84556
0.00000
0.99832
1.00000
0.00000
0.00000
0.77959
0.00000
0.70842
0.76701
1.00000
1.00000
1.00000
1.00000
1.00000
1.00000
0.99832
1.00000
0.99496
1.00000
1.00000
0.97427
1.00000
1.00000
0.99327
1.00000
0.97603
0.99327
0.73036
1.00000
1.00000
1.00000
0.00000
0.99327
1.00000
0.65919
0.00000
0.89464
0.00000
0.00000
0.91273
0.99496
0.00000
0.00000
0.00000
1.00000
0.99664
0.99832
1.00000
1.00000
0.99832
0.96718
1.00000
1.00000
0.67406
1.00000
0.97778
1.00000
0.00000
0.00000
0.75676
0.99157
0.84778
0.75417
0.00000
0.99496
0.00000
0.00000
0.97778
0.00000
0.00000
0.95819
0.86312
0.00000
0.00000
0.00000
0.00000
0.95637
0.99157
0.00000
0.00000
0.99664
0.00000
0.90476
0.99832
1.00000
0.91470
0.97427
1.00000
0.00000
0.96181
0.99664
0.98986
0.97427
0.93783
0.00000
0.89464
0.00000
0.00000
0.00000
0.00000
0.68282
0.75676
0.00000
0.00000
0.00000
0.00000
0.70842
0.00000
0.00000
0.79678
0.80876
1.00000
0.72766
1.00000
0.00000
1.00000
1.00000
0.87170
0.00000
1.00000
1.00000
0.95637
1.00000
0.00000
1.00000
1.00000
1.00000
1.00000
1.00000
1.00000
0.00000
0.00000
1.00000
0.82745
1.00000
1.00000
0.95637
0.99327
0.00000
0.00000
0.00000
0.00000
1.00000
0.95819
0.00000
1.00000
0.00000
0.00000
0.00000
0.88641
0.96540
0.00000
0.00000
0.00000
0.00000
0.00000
0.99327
0.00000
0.00000
0.00000
0.99832
0.00000
0.00000
0.95455
0.00000
0.95271
0.99832
0.00000
0.00000
1.00000
0.97603
0.97427
0.99496
0.94903
0.89871
0.99832
0.00000
0.84778
0.84778
0.84778
0.89259
0.99832
0.95637
0.99327
0.84778
0.84778
0.00000
0.00000
0.80400
0.00000
0.00000
0.00000
0.00000
0.00000
0.00000
0.00000
0.00000
0.00000
0.00000
0.66518
0.99832
0.99832
0.00000
0.00000
0.00000
0.00000
0.00000
0.95819
0.99664
0.99327
0.97603
0.99327
0.94533
0.74633
1.00000
0.70282
0.98126
0.99832
0.00000
0.00000
0.69717
0.00000
0.87805
0.00000
0.84778
0.00000
0.00000
0.82515
0.99157
0.00000
0.69717
0.96718
0.00000
0.00000
0.00000
0.00000
1.00000
0.00000
0.00000
0.97952
0.99327
0.00000
0.99832
0.87805
0.00000
0.82283
0.99157
0.74633
0.80160
0.00000
0.73305
1.00000
0.00000
1.00000
0.00000
0.00000
0.00000
0.00000
0.00000
0.00000
0.00000
0.00000
0.00000
0.00000
0.00000
0.98126
0.00000
0.00000
0.00000
0.00000
0.00000
0.99157
0.99327
0.99157
0.00000
0.97603
1.00000
1.00000
1.00000
1.00000
1.00000
0.99157
0.99496
1.00000
0.00000
1.00000
1.00000
0.00000
0.98644
1.00000
1.00000
1.00000
1.00000
1.00000
1.00000
1.00000
1.00000
1.00000
0.76190
0.89464
1.00000
1.00000
1.00000
1.00000
1.00000
1.00000
0.62278
0.99496
0.97603
1.00000
1.00000
1.00000
0.00000
0.00000
0.00000
0.00000
0.92252
1.00000
0.71674
0.99832
0.00000
0.00000
0.97778
0.72495
0.81349
0.00000
0.86312
0.97778
0.65914
1.00000
1.00000
0.00000
0.99664
0.99496
0.00000
1.00000
0.97074
0.96718
0.99157
1.00000
1.00000
