0.00000
0.00000
0.67857
0.05073
0.00000
0.54695
0.60377
0.15873
0.02961
0.40404
0.00000
0.33092
0.52000
0.73547
0.00000
0.00000
0.64762
0.07570
0.00000
0.15030
0.05108
0.09318
0.00000
0.79452
0.50930
0.70098
0.11111
0.00000
0.11940
0.17655
0.52354
0.06061
0.00000
0.00000
0.00000
0.00000
0.32880
0.02187
0.00000
0.29060
0.73134
0.00000
0.00000
0.66667
0.00000
0.56059
0.15079
0.26606
0.36287
0.32941
0.00000
0.00000
0.14286
0.20796
0.21469
0.59406
0.78941
0.00000
0.37931
0.66242
0.00000
0.36538
0.00000
0.29060
0.21250
0.00000
0.00000
0.45827
0.00000
0.00000
0.00000
0.30120
0.46445
0.68971
0.00792
0.69310
0.42857
0.79345
0.18421
0.91960
0.25133
0.43223
0.00000
0.00000
0.25000
0.00000
0.79262
0.30159
0.85739
0.67857
0.01747
0.33144
0.00000
0.00000
0.46914
0.06865
0.14504
0.69091
0.48276
0.15668
0.11321
0.47645
0.00000
0.00000
0.00000
0.00000
0.03135
0.17410
0.54628
0.01835
0.32298
0.18447
0.12500
0.00000
0.00000
0.10920
0.00000
0.00000
0.03083
0.00000
0.00000
0.71062
0.00000
0.00000
0.78049
0.48000
0.67857
0.00000
0.05657
0.06452
0.34348
0.00000
0.15686
0.52186
0.44186
0.00000
0.02985
0.00000
0.05744
0.67857
0.00000
0.07921
0.78286
0.00000
0.45643
0.27490
0.15621
0.00000
0.05917
0.00000
0.00000
0.52282
0.42105
0.00000
0.15287
0.40100
0.00000
0.15638
0.08243
0.00000
0.19689
0.02837
0.00000
0.73837
0.00000
0.00000
0.01931
0.00506
0.25575
0.06429
0.00000
0.54286
0.00000
0.03196
0.89004
0.79048
0.00000
0.52778
0.00000
0.56309
0.00000
0.00685
0.00000
0.00000
0.00726
0.69810
0.37772
0.00000
0.59269
0.00000
0.02651
0.00000
0.00000
0.45238
0.27509
0.00000
0.00000
0.34234
0.30867
0.89326
0.00000
0.67857
0.67857
0.72627
0.78022
0.00000
0.00000
0.00000
0.26403
0.00000
0.12329
0.60377
0.57143
0.00000
0.26667
0.84262
0.06033
0.54902
0.00000
0.00000
0.00000
0.06529
0.24051
0.00000
0.00000
0.55072
0.00000
0.00295
0.06351
0.00000
0.17661
0.01661
0.03019
0.00000
0.21656
0.74338
0.00000
0.17284
0.38806
0.15579
0.00000
0.00000
0.00000
0.00000
0.00000
0.00000
0.00000
0.17971
0.37331
0.23472
0.00000
0.15323
0.12493
0.06810
0.00000
0.00000
0.00000
0.72289
0.39400
0.29921
0.11976
0.22506
0.00000
0.09393
0.00000
0.24540
0.46667
0.03030
0.00000
0.09069
0.66514
0.30159
0.06260
0.22597
0.00000
0.63551
0.43038
0.38931
0.00000
0.32011
0.00000
0.00000
0.00000
0.00000
0.09714
0.11567
0.00000
0.12121
0.08696
0.00000
0.78630
0.11643
0.00000
0.37217
0.49047
0.13058
0.06746
0.00000
0.00000
0.39175
0.00000
0.00000
0.00000
0.22678
0.67857
0.91375
0.00000
0.00000
0.00000
0.00000
0.59375
0.21940
0.00000
0.60377
0.00000
0.00000
0.14815
0.00000
0.12500
0.68319
0.41750
0.40506
0.00000
0.00000
0.79167
0.00639
0.24390
0.00000
0.05328
0.00000
0.62112
0.00000
0.00000
0.00000
0.68800
0.00900
0.00000
0.00000
0.00000
0.00000
0.23129
0.08921
0.22695
0.79682
0.18128
0.00000
0.00000
0.09334
0.59375
0.20919
0.00000
0.21698
0.00000
0.05333
0.00000
0.18330
0.75765
0.38384
0.00530
0.00000
0.00000
0.00000
0.11899
0.00000
0.00302
0.12881
0.00000
0.00000
0.06904
0.00000
0.00000
0.00184
0.11585
0.11448
0.11801
0.00000
0.56782
0.06140
0.00000
0.00000
0.00000
0.06774
0.00000
0.00000
0.11858
0.80159
0.48488
0.78049
0.00000
0.25103
0.43333
0.00000
0.60714
0.03285
0.24398
0.08925
0.10334
0.78065
0.00000
0.26087
0.60429
0.46472
0.00000
0.21469
0.82618
0.00000
0.00000
0.62500
0.41304
0.00000
0.05806
0.42445
0.00000
0.00000
0.45238
0.00000
0.13717
0.00000
0.32203
0.00000
0.00000
0.10587
0.00000
0.11950
0.32746
0.00000
0.00000
0.41935
0.00000
0.88916
0.59490
0.00000
0.29583
0.19880
0.71373
0.38519
0.00000
0.04359
0.00000
0.10115
0.00000
0.00000
0.00000
0.66667
0.17202
0.57865
0.19780
0.16807
0.08499
0.07364
0.37594
0.00000
0.08696
0.49290
0.07313
0.00000
0.00000
0.10676
0.06439
0.02694
0.00000
0.00000
0.71445
0.72635
0.00000
0.21569
0.24628
0.00000
0.00000
0.00000
0.01384
0.00000
0.42222
0.00000
0.41331
0.34034
0.00000
0.65268
0.03774
0.41975
0.00000
0.64398
0.86022
0.00000
0.32530
0.55971
0.18483
0.46758
0.07424
0.00000
0.38745
0.60377
0.00000
0.14407
0.00000
0.60012
0.00839
0.00000
0.00000
0.43391
0.00000
0.16514
0.02740
0.62779
0.59375
0.24329
0.00000
0.36232
0.00000
0.00000
0.00000
0.08421
0.82673
0.00000
0.79365
0.70968
0.08543
0.26752
0.00000
0.22790
0.40267
0.00000
0.00000
0.41394
0.00000
0.06178
0.35135
0.00000
0.06202
0.42697
0.02985
0.66667
0.21505
0.44111
0.00000
0.64561
0.26761
0.00000
0.00000
0.17840
0.03304
0.69231
0.00000
0.03146
0.00000
0.00465
0.06192
0.00000
0.00000
0.65455
0.06485
0.19747
0.24786
0.00000
0.00000
0.44156
0.00000
0.34615
0.00873
0.03281
0.03846
0.60377
0.00000
0.83688
0.00000
0.43755
0.67857
0.00000
0.57143
0.59836
0.41499
0.62759
0.67857
0.00000
0.60377
0.10932
0.00000
0.59375
0.00000
0.19608
0.10940
0.36804
0.31405
0.00000
0.23108
0.48780
0.00000
0.76121
0.00000
0.00000
0.00000
0.47393
0.67857
0.27826
0.54803
0.00000
0.64407
0.40260
0.00000
0.00000
0.16757
0.00000
0.00000
0.00000
0.31425
0.63737
0.39929
0.00000
0.05836
0.04040
0.20958
0.49237
0.53968
0.39444
0.00000
0.10330
0.84726
0.03356
0.00000
0.48639
0.67857
0.00000
0.38323
0.44829
0.07835
0.45783
0.00000
0.04511
0.00302
0.00000
0.44860
0.29630
0.16206
0.62133
0.00000
0.00000
0.41304
0.04571
0.23469
0.20773
0.79265
0.28019
0.00000
0.00000
0.01347
0.00000
0.01988
0.08776
0.67857
0.00000
0.05009
0.00000
0.02899
0.00000
0.00000
0.00000
0.00000
0.09756
0.00000
0.74265
0.00000
0.00000
0.07843
0.63333
0.42061
0.00000
0.66667
0.28081
0.01805
0.65517
0.13353
0.03279
0.45390
0.00703
0.00000
0.03806
0.14725
0.03768
0.58824
0.12500
0.36303
0.51344
0.03083
0.00000
0.00000
0.47815
0.14468
0.00000
0.00000
0.44444
0.67857
0.19675
0.21552
0.08396
0.12202
0.53465
0.38776
0.00000
0.18889
0.44366
0.75624
0.06241
0.00000
0.50691
0.00000
0.00000
0.13992
0.00000
0.00000
0.63746
0.00000
0.00000
0.00000
0.60377
0.46200
0.00000
0.24837
0.00000
0.00000
0.28647
0.22642
0.00000
0.53283
0.63636
0.00000
0.00000
0.01515
0.86575
0.92291
0.46247
0.62745
0.59324
0.00000
0.42798
0.00000
0.11685
0.57400
0.00000
0.72885
0.00000
0.79611
0.44308
0.31707
0.22114
0.22697
0.00000
0.45805
0.01887
0.52991
0.51880
0.14865
0.30210
0.10932
0.01217
0.82245
0.00000
0.62536
0.00000
0.00000
0.00000
0.00000
0.00000
0.00000
0.00000
0.86277
0.11620
0.51543
0.24420
0.19000
0.00000
0.02985
0.00000
0.61404
0.19608
0.02948
0.19653
0.00000
0.67857
0.00000
0.00866
0.00000
0.00000
0.28358
0.03318
0.09201
0.51661
0.19481
0.00000
0.41379
0.00000
0.00000
0.02941
0.11356
0.00000
0.00000
0.66667
0.00000
0.00000
0.00000
0.00000
0.12838
0.54902
0.00000
0.10932
0.00000
0.12955
0.13659
0.77627
0.64000
0.04884
0.29294
0.17423
0.64107
0.00000
0.25217
0.42553
0.00000
0.00000
0.00000
0.72879
0.20242
0.00000
0.74121
0.42857
0.60377
0.00000
0.03968
0.55181
0.00000
0.00000
0.00000
0.33297
0.08786
0.00000
0.78010
0.00000
0.27132
0.00000
0.19461
0.00000
0.00000
0.04524
0.69646
0.00000
0.69388
0.00000
0.00000
0.00000
0.00000
0.64407
0.00000
0.63333
0.26761
0.00000
0.06262
0.28169
0.15451
0.00000
0.67857
0.44974
0.00000
0.02924
0.45312
0.00000
0.26039
0.00000
0.24752
0.00000
0.67857
0.39357
0.06212
0.04526
0.00000
0.00000
0.52688
0.53026
0.24561
0.02151
0.00000
0.00000
0.00000
0.00000
0.00000
0.37172
0.67857
0.00000
0.20430
0.20899
0.19737
0.19915
0.04578
0.21000
0.02053
0.00000
0.00000
0.61259
0.12789
0.00000
0.71302
0.00000
0.18904
0.67857
0.82210
0.67857
0.27123
0.67857
0.70612
0.12583
0.26882
0.00000
0.00000
0.12500
0.67857
0.00000
0.00000
0.00000
0.00000
0.00000
0.00000
0.21871
0.67857
0.00000
0.84491
0.00000
0.21430
0.49716
0.00000
0.60105
0.00000
0.10000
0.00000
0.17404
0.19608
0.02597
0.78512
0.00000
0.00000
0.52000
0.35808
0.00000
0.50667
0.00000
0.64109
0.11555
0.00000
0.01382
0.31065
0.00000
0.38156
0.38384
0.18033
0.00000
0.27462
0.00000
0.73124
0.18495
0.60377
0.67857
0.00000
0.86364
0.18497
0.00000
0.00000
0.01896
0.10780
0.11682
0.15385
0.00000
0.03971
0.11429
0.78049
0.79112
0.20261
0.40036
0.26263
0.00000
0.23220
0.25166
0.12795
0.00000
0.15510
0.01443
0.60533
0.14988
0.00000
0.00000
0.50000
0.00000
0.42857
0.00160
0.18304
0.00000
0.00000
0.00000
0.00000
0.00000
0.00000
0.00000
0.00000
0.00000
0.21965
0.00000
0.00000
0.20000
0.46164
0.00000
0.22002
0.29412
0.85000
0.21111
0.00000
0.00000
0.69035
0.00000
0.31219
0.41860
0.93058
0.59603
0.12214
0.00780
0.18824
0.67857
0.20458
0.39644
0.37369
0.00000
0.04246
0.04423
0.17757
0.45110
0.00000
0.29046
0.04730
0.00000
0.00000
0.48980
0.00000
0.49231
0.24051
0.71373
0.00000
0.00000
0.60377
0.00000
0.43906
0.01715
0.00000
0.09503
0.00000
0.00000
0.12769
0.89490
0.00000
0.00000
0.00000
0.00000
0.00000
0.31923
0.21092
0.00000
0.64577
0.05322
0.72319
0.00000
0.21088
0.00000
0.00000
0.00000
0.01747
0.78049
0.10811
0.00000
0.00000
0.00000
0.67857
0.38288
0.23779
0.03333
0.00000
0.67857
0.47619
0.00000
0.56026
0.19338
0.00000
0.02098
0.04000
0.00000
0.60377
0.00000
0.32203
0.00000
0.69274
0.00000
0.02263
0.30115
0.02972
0.00000
0.20149
0.21090
0.94589
0.62801
0.00000
0.50980
0.00000
0.00000
0.59375
0.26858
0.00000
0.00000
0.00000
0.28607
0.00000
0.10063
0.09391
0.00000
0.26478
0.00000
0.29487
0.00210
0.35185
0.00000
0.34835
0.45082
0.11364
0.00000
0.01130
0.00000
0.00000
0.74510
0.62197
0.17127
0.00000
0.21716
0.35425
0.00000
0.67857
0.00451
0.67857
0.68852
0.00000
0.00000
0.78049
0.42004
0.79369
0.57265
0.00000
0.10365
0.28839
0.57534
0.00000
0.00000
0.07605
0.61258
0.09802
0.00000
0.31304
0.00000
0.31354
0.00000
0.00000
0.00000
0.00000
0.14201
0.00000
0.03448
0.00000
0.46759
0.01781
0.39889
0.23789
0.34711
0.74018
0.24368
0.79431
0.00000
0.00000
0.55172
0.00000
0.38384
0.24503
0.75684
0.85495
0.00000
0.77189
0.00000
0.00000
0.00000
0.00000
0.00000
0.43590
0.12010
0.00000
0.00000
0.35962
0.13780
0.00000
0.00000
0.00000
0.04837
0.00000
0.05983
0.00000
0.10345
0.30835
0.60086
0.06439
0.49180
0.00000
0.00000
0.19512
0.00000
0.00000
0.02510
0.00000
0.27451
0.04569
0.66667
0.00000
0.88931
0.67857
0.38543
0.00000
0.00000
0.24920
0.00000
0.00000
0.00000
0.00000
0.15261
0.00000
0.07407
0.61192
0.00000
0.00000
0.48718
0.62745
0.60221
0.41757
0.00000
0.00000
0.38679
0.00000
0.00000
0.00000
0.14056
0.17716
0.00000
0.12776
0.00000
0.09026
0.79039
0.00000
0.00000
0.79836
0.00000
0.84359
0.05263
0.02400
0.55837
0.31373
0.15323
0.54286
0.00000
0.03180
0.15751
0.67857
0.00000
0.37624
0.00000
0.49897
0.00000
0.32479
0.00000
0.00000
0.83477
0.14561
0.01205
0.03376
0.25000
0.65439
0.04176
0.00000
0.79725
0.00000
0.63453
0.81778
0.00000
0.04342
0.68246
0.23602
0.00000
0.00000
0.00000
0.17840
0.00000
0.00000
0.07054
0.21164
0.00000
0.00000
0.15764
0.87955
0.59542
0.43500
0.00000
0.00000
0.00000
0.00000
0.65795
0.00000
0.96184
0.00000
0.00000
0.00000
0.43678
0.18330
0.00000
0.42094
0.44546
0.00000
0.00000
0.10101
0.06867
0.62077
0.00000
0.50667
0.67349
0.00000
0.39248
0.69136
0.00000
0.05231
0.00000
0.23799
0.00000
0.00000
0.58956
0.08057
0.00000
0.37551
0.00000
0.00000
0.35152
0.32308
0.00000
0.00000
0.12593
0.00000
0.62155
0.00000
0.43277
0.38316
0.00000
0.08889
0.00000
0.41611
0.00000
0.67857
0.00000
0.00438
0.00000
0.72388
0.09339
0.03088
0.00000
0.38255
0.00000
0.09048
0.16000
0.08190
0.00000
0.00000
0.00000
0.00000
0.24176
0.00000
0.50000
0.02452
0.10932
0.37447
0.00794
0.14179
0.35514
0.00000
0.02769
0.53521
0.42348
0.00000
0.00000
0.13675
0.00000
0.09119
0.36620
0.67857
0.00000
0.06774
0.00000
0.19797
0.58462
0.42714
0.00000
0.00000
0.20334
0.09211
0.65385
0.00000
0.00000
0.11566
0.00000
0.66667
0.54043
0.00000
0.00000
0.00000
0.00000
0.06774
0.11542
0.59259
0.00000
0.25773
0.57114
0.41518
0.25773
0.34483
0.00000
0.00000
0.08901
0.00000
0.05285
0.24793
0.82423
0.55882
0.11619
0.00000
0.00000
0.26573
0.00000
0.00000
0.00000
0.00000
0.90155
0.46341
0.00000
0.26755
0.08969
0.93037
0.00000
0.00000
0.04255
0.45614
0.56716
0.20430
0.78421
0.00000
0.67857
0.00000
0.17073
0.00000
0.37262
0.79545
0.00000
0.58462
0.54902
0.26744
0.00000
0.67322
0.00000
0.00000
0.44127
0.00000
0.00000
0.86661
0.00000
0.00000
0.17840
0.49351
0.19490
0.00000
0.00000
0.00000
0.01917
0.00000
0.16306
0.59375
0.00000
0.20994
0.36190
0.01375
0.32402
0.30216
0.85386
0.00000
0.62712
0.65989
0.04061
0.27939
0.79452
0.00000
0.00000
0.45224
0.00000
0.13393
0.02581
0.04835
0.02066
0.00000
0.13760
0.00000
0.00000
0.00000
0.28571
0.53521
0.03905
0.00000
0.00000
0.00000
0.00000
0.32432
0.00000
0.04623
0.01223
0.80834
0.72603
0.88379
0.62281
0.00000
0.00000
0.25131
0.00000
0.15859
0.53317
0.21596
0.00000
0.00000
0.07692
0.00000
0.00000
0.00000
0.16408
0.63298
0.06073
0.57143
0.64884
0.67857
0.00000
0.43548
0.03614
0.09472
0.22346
0.30894
0.20936
0.00000
0.36232
0.00000
0.25197
0.00000
0.00759
0.41192
0.00000
0.01505
0.00000
0.14286
0.00000
0.00000
0.13821
0.51981
0.00000
0.23751
0.45993
0.81714
0.24225
0.21866
0.00000
0.00000
0.65455
0.48718
0.10345
0.00000
0.11087
0.00000
0.05616
0.79699
0.30224
0.00000
0.42613
0.69466
0.48715
0.00000
0.00000
0.56334
0.18717
0.00000
0.11813
0.00000
0.00000
0.12903
0.43723
0.00000
0.02174
0.57143
0.43997
0.16073
0.67857
0.85078
0.00000
0.00000
0.00000
0.09756
0.11185
0.00000
0.00000
0.06599
0.30965
0.00000
0.52632
0.79741
0.00000
0.67857
0.61981
0.00000
0.23675
0.59375
0.33205
0.05073
0.00000
0.00000
0.00000
0.00000
0.08271
0.73176
0.05510
0.90615
0.29264
0.00000
0.00000
0.60544
0.95671
0.33152
0.08568
0.00000
0.28571
0.00000
0.50029
0.46396
0.02066
0.56285
0.00000
0.00000
0.11820
0.00000
0.51528
0.76027
0.09639
0.00000
0.67857
0.12862
0.00000
0.00000
0.70000
0.00000
0.00000
0.05405
0.05063
0.49713
0.06061
0.00000
0.50182
0.00000
0.00000
0.17886
0.36177
0.69841
0.21254
0.00000
0.67857
0.67857
0.14504
0.95892
0.00000
0.14672
0.15216
0.36538
0.00000
0.00000
0.67857
0.00000
0.18646
0.00000
0.82609
0.48485
0.00000
0.00000
0.28788
0.00000
0.79613
0.00000
0.25333
0.33058
0.00000
0.49101
0.18812
0.18834
0.39019
0.09203
0.46914
0.52055
0.89245
0.00000
0.00000
0.02151
0.00000
0.00000
0.50499
0.00353
0.87910
0.26571
0.38835
0.24060
0.00735
0.24260
0.03265
0.00000
0.70532
0.00000
0.00000
0.00000
0.41026
0.00000
0.00000
0.14786
0.05547
0.14545
0.14812
0.27408
0.15190
0.21348
0.00000
0.00000
0.00000
0.00000
0.00000
0.11429
0.15385
0.00000
0.84798
0.00000
0.00000
0.00000
0.00000
0.00000
0.07221
0.19895
0.07692
0.00000
0.80530
0.65237
0.00000
0.00000
0.00000
0.18070
0.19481
0.00000
0.00000
0.00000
0.00000
0.35350
0.00000
0.00000
0.08879
0.00000
0.67857
0.00000
0.00000
0.29233
0.22619
0.00000
0.40459
0.59342
0.67857
0.00000
0.30405
0.45213
0.00000
0.62963
0.00000
0.66667
0.00000
0.14217
0.01361
0.48516
0.00000
0.11872
0.00000
0.35461
0.06407
0.00000
0.00000
0.00000
0.48832
0.23816
0.00000
0.00000
0.14742
0.09975
0.00000
0.37158
0.00000
0.15768
0.02825
0.00000
0.22154
0.00000
0.32532
0.00000
0.00000
0.57244
0.23153
0.13421
0.70370
0.15111
0.11268
0.00000
0.25641
0.07966
0.00000
0.31098
0.00000
0.00000
0.73362
0.59375
0.01780
0.45833
0.49351
0.00000
0.00000
0.60714
0.00000
0.00000
0.67857
0.00000
0.40938
0.00000
0.00000
0.00000
0.62963
0.48101
0.09055
0.67857
0.77037
0.67857
0.02278
0.00000
0.03636
0.00000
0.01852
0.00000
0.26742
0.00000
0.00000
0.00000
0.00000
0.03968
0.00000
0.10981
0.15385
0.22222
0.01653
0.37333
0.00000
0.25989
0.23987
0.22222
0.69729
0.00000
0.14902
0.40650
0.06507
0.00000
0.03960
0.00000
0.00000
0.05579
0.48898
0.11382
0.66706
0.60377
0.74245
0.00000
0.35734
0.00000
0.00000
0.88985
0.32558
0.00000
0.67857
0.37037
0.00000
0.10348
0.10689
0.75713
0.00000
0.33708
0.00000
0.91281
0.60377
0.45399
0.17614
0.75916
0.74399
0.00000
0.67857
0.29412
0.38889
0.00000
0.00000
0.00000
0.20430
0.00000
0.21091
0.00000
0.07197
0.14232
0.00000
0.00000
0.00000
0.61197
0.00000
0.61124
0.24433
0.66667
0.15000
0.29952
0.82927
0.00000
0.52459
0.00000
0.15199
0.41758
0.40244
0.00265
0.33628
0.00000
0.20800
0.04409
0.14815
0.78077
0.00000
0.61017
0.11321
0.29679
0.00000
0.91178
0.40426
0.23807
0.04511
0.11499
0.04511
0.00000
0.00000
0.00000
0.62963
0.18893
0.12115
0.00000
0.07965
0.00000
0.00000
0.12602
0.00000
0.29559
0.18349
0.00000
0.00000
0.54294
0.00000
0.78351
0.09048
0.00823
0.00000
0.00000
0.00000
0.18571
0.12576
0.05758
0.00000
0.00000
0.00000
0.79219
0.00000
0.13859
0.00000
0.21429
0.24242
0.27338
0.55956
0.13919
0.35185
0.28571
0.69767
0.33333
0.28775
0.39542
0.00000
0.02660
0.00000
0.50508
0.52308
0.00000
0.46249
0.13456
0.00000
0.26518
0.10759
0.00000
0.00000
0.17674
0.00000
0.16990
0.26040
0.27778
0.06466
0.00000
0.00000
0.00000
0.00000
0.62963
0.46341
0.32110
0.67857
0.00000
0.00000
0.00000
0.13492
0.00000
0.10693
0.01411
0.52991
0.00000
0.53731
0.00000
0.40425
0.39583
0.00000
0.73171
0.00000
0.00000
0.00000
0.01794
0.75157
0.43590
0.03083
0.28571
0.15934
0.86364
0.08676
0.43907
0.00000
0.00000
0.10556
0.59498
0.00000
0.00000
0.74510
0.00000
0.10059
0.56716
0.00000
0.07257
0.15768
0.00000
0.00000
0.00000
0.64407
0.00000
0.38000
0.00302
0.28070
0.00000
0.00000
0.15256
0.53659
0.10811
0.08718
0.91236
0.00000
0.00000
0.10000
0.00000
0.00000
0.74749
0.90956
0.00000
0.00000
0.00000
0.88366
0.00000
0.62445
0.00000
0.10053
0.00000
0.52322
0.00000
0.74227
0.13851
0.00000
0.20598
0.01399
0.62690
0.00000
0.29921
0.05479
0.52055
0.00000
0.05337
0.34828
0.52041
0.11364
0.14506
0.00000
0.62442
0.00000
0.64407
0.11296
0.00000
